%%%%%%%%%%%%%%%%%%%%%%%%%%%%%%%%%%%%%%%%%%%%%%%%%%%%%
% {-1,0,1}-diagonalizations of all 9 connected 3-regular {-1,0,1}-diagonalizable graphs.
% Based on the paper "Enumeration of Laplacian integral and {-1,0,1}-diagonalizable graphs" by Johnston, Plosker, and Varona.
%%%%%%%%%%%%%%%%%%%%%%%%%%%%%%%%%%%%%%%%%%%%%%%%%%%%%


% K_4:
P = [
-1 1 1 0;
-1 -1 -1 -1;
-1 -1 0 0;
-1 1 0 1;
];
lambda = [0 4 4 4];
L = P*diag(lambda)*inv(P);


% K_{3,3}:
P = [
-1 1 1 1 0 1;
-1 -1 -1 -1 -1 1;
-1 0 0 0 1 1;
-1 1 0 1 1 -1;
-1 -1 -1 0 -1 -1;
-1 0 1 -1 0 -1;
];
lambda = [0 3 3 3 3 6];
L = P*diag(lambda)*inv(P);


% C_3 \mathbin{\square} K_2:
P = [
-1 1 1 0 -1 0;
-1 -1 1 0 1 0;
-1 1 -1 -1 1 1;
-1 -1 -1 -1 -1 -1;
-1 1 0 1 0 -1;
-1 -1 0 1 0 1;
];
lambda = [0 2 3 3 5 5];
L = P*diag(lambda)*inv(P);


% C_4 \mathbin{\square} K_2:
P = [
-1 1 1 1 -1 -1 -1 -1;
-1 1 0 1 1 1 0 1;
-1 1 1 0 1 0 1 1;
-1 1 0 0 -1 0 0 -1;
-1 -1 0 -1 1 1 0 -1;
-1 -1 -1 -1 -1 -1 -1 1;
-1 -1 0 0 -1 0 0 1;
-1 -1 -1 0 1 0 1 -1;
];
lambda = [0 2 2 2 4 4 4 6];
L = P*diag(lambda)*inv(P);


% C_6 \mathbin{\square} K_2:
P = [
-1 0 1 1 1 0 1 1 1 -1 0 -1;
-1 0 1 -1 1 1 0 1 1 1 0 1;
-1 1 1 1 -1 -1 -1 0 -1 1 1 1;
-1 1 1 -1 -1 -1 -1 -1 -1 -1 -1 -1;
-1 1 0 1 0 1 0 0 1 0 -1 -1;
-1 1 0 -1 0 0 1 -1 1 0 1 1;
-1 0 -1 1 1 1 0 1 -1 -1 0 1;
-1 0 -1 -1 1 0 1 1 -1 1 0 -1;
-1 -1 -1 1 -1 -1 -1 -1 1 1 1 -1;
-1 -1 -1 -1 -1 -1 -1 0 1 -1 -1 1;
-1 -1 0 1 0 0 1 -1 -1 0 -1 1;
-1 -1 0 -1 0 1 0 0 -1 0 1 -1;
];
lambda = [0 1 1 2 3 3 3 3 4 5 5 6];
L = P*diag(lambda)*inv(P);


% PETERSEN GRAPH:
P = [
-1 1 0 1 0 0 -1 0 0 -1;
-1 1 0 1 1 0 1 0 1 1;
-1 1 1 0 1 0 0 1 -1 0;
-1 1 1 0 1 1 0 -1 1 -1;
-1 1 1 1 0 1 0 0 -1 1;
-1 -1 -1 -1 -1 -1 1 0 0 0;
-1 -1 -1 0 0 0 -1 -1 -1 -1;
-1 -1 0 -1 -1 -1 -1 -1 0 0;
-1 -1 -1 -1 0 0 0 1 0 1;
-1 -1 0 0 -1 0 1 1 1 0;
];
lambda = [0 2 2 2 2 2 5 5 5 5];
L = P*diag(lambda)*inv(P);


% DESARGUES GRAPH:
P = [
-1 0 0 -1 1 1 0 1 0 0 -1 -1 0 -1 0 -1 0 0 -1 -1;
-1 1 1 0 1 1 0 1 1 0 -1 0 -1 -1 -1 1 0 1 1 1;
-1 1 1 0 0 1 1 0 1 0 1 0 0 1 1 0 1 -1 0 -1;
-1 0 1 0 -1 1 1 0 1 1 -1 -1 0 0 -1 0 -1 1 -1 1;
-1 0 1 1 -1 1 1 1 0 1 -1 0 0 -1 0 0 0 -1 1 -1;
-1 0 0 1 -1 1 0 1 0 0 1 1 0 1 0 -1 0 0 -1 1;
-1 -1 -1 0 -1 1 0 1 1 0 1 0 1 1 1 1 0 1 1 -1;
-1 -1 -1 0 0 1 1 0 1 0 -1 0 0 -1 -1 0 1 -1 0 1;
-1 0 -1 0 1 1 1 0 1 1 1 1 0 0 1 0 -1 1 -1 -1;
-1 0 -1 -1 1 1 1 1 0 1 1 0 0 1 0 0 0 -1 1 1;
-1 -1 0 -1 0 -1 -1 -1 -1 -1 1 1 1 1 1 1 0 0 0 1;
-1 1 1 1 1 -1 -1 0 0 0 1 1 1 1 0 -1 -1 -1 -1 -1;
-1 1 0 0 0 -1 0 -1 -1 -1 1 1 1 0 1 -1 -1 0 0 1;
-1 -1 0 -1 -1 -1 -1 -1 0 0 1 1 0 0 0 0 1 0 1 -1;
-1 0 1 1 0 -1 0 0 -1 0 1 0 0 0 1 1 1 1 0 1;
-1 1 0 1 0 -1 -1 -1 -1 -1 -1 -1 -1 -1 -1 1 0 0 0 -1;
-1 -1 -1 -1 -1 -1 -1 0 0 0 -1 -1 -1 -1 0 -1 -1 -1 -1 1;
-1 -1 0 0 0 -1 0 -1 -1 -1 -1 -1 -1 0 -1 -1 -1 0 0 -1;
-1 1 0 1 1 -1 -1 -1 0 0 -1 -1 0 0 0 0 1 0 1 1;
-1 0 -1 -1 0 -1 0 0 -1 0 -1 0 0 0 -1 1 1 1 0 -1;
];
lambda = [0 1 1 1 1 2 2 2 2 2 4 4 4 4 4 5 5 5 5 6];
L = P*diag(lambda)*inv(P);


% NAURU GRAPH:
P = [
-1 -1 1 0 1 -1 0 1 1 0 -1 -1 -1 0 -1 0 0 -1 0 1 -1 0 0 -1;
-1 -1 0 0 1 -1 0 1 0 0 0 0 1 0 1 0 1 0 0 -1 1 -1 0 1;
-1 0 0 1 1 0 0 1 0 1 0 1 0 -1 1 1 0 0 -1 0 -1 1 -1 -1;
-1 1 0 1 1 1 0 1 1 1 1 1 0 1 -1 -1 -1 -1 1 0 0 -1 1 1;
-1 1 0 1 0 1 -1 1 1 0 1 0 1 1 -1 0 0 1 -1 0 1 1 -1 -1;
-1 0 0 0 0 1 -1 1 0 0 -1 -1 -1 -1 1 0 1 -1 1 0 -1 0 0 1;
-1 -1 -1 -1 -1 0 -1 1 0 1 -1 -1 -1 0 1 1 0 1 0 0 1 0 1 -1;
-1 -1 -1 -1 -1 0 0 1 1 1 0 0 1 0 -1 -1 -1 0 0 1 0 1 -1 1;
-1 0 -1 -1 -1 0 1 1 1 0 0 1 0 -1 -1 0 0 0 1 -1 0 -1 1 -1;
-1 1 0 0 -1 0 1 1 0 0 1 1 0 1 1 0 1 1 -1 1 0 1 0 1;
-1 1 1 0 0 0 1 1 0 1 1 0 1 1 1 1 0 -1 1 0 0 -1 0 -1;
-1 0 1 0 0 -1 0 1 1 1 -1 -1 -1 -1 -1 -1 -1 1 -1 -1 0 0 0 1;
-1 -1 1 0 1 0 0 -1 0 -1 1 1 0 1 1 1 0 1 1 0 1 1 0 1;
-1 -1 -1 -1 0 -1 0 -1 -1 -1 1 0 1 1 -1 -1 -1 1 1 1 0 1 1 -1;
-1 0 0 1 0 0 0 -1 -1 0 -1 -1 -1 -1 -1 0 0 1 1 1 1 0 1 1;
-1 1 0 0 1 1 1 -1 0 0 -1 -1 -1 0 1 0 1 1 0 0 0 0 0 -1;
-1 1 0 1 -1 0 -1 -1 0 -1 0 0 1 0 1 1 0 0 0 0 -1 -1 1 1;
-1 0 1 0 1 1 0 -1 -1 -1 0 1 0 -1 -1 -1 -1 0 -1 0 0 -1 0 -1;
-1 -1 -1 -1 -1 -1 -1 -1 -1 0 1 1 0 1 -1 0 0 -1 -1 -1 -1 -1 -1 1;
-1 -1 0 0 0 0 0 -1 0 0 1 0 1 1 1 0 1 -1 -1 -1 -1 -1 0 -1;
-1 0 -1 -1 0 0 1 -1 0 -1 -1 -1 -1 -1 1 1 0 -1 -1 0 0 0 -1 1;
-1 1 0 1 -1 0 0 -1 -1 -1 -1 -1 -1 0 -1 -1 -1 -1 0 -1 0 0 -1 -1;
-1 1 1 0 1 1 1 -1 -1 0 0 0 1 0 -1 0 0 0 0 0 0 1 0 1;
-1 0 0 0 -1 -1 -1 -1 0 0 0 1 0 -1 1 0 1 0 1 1 1 1 0 -1;
];
lambda = [0 1 1 1 1 1 1 2 2 2 3 3 3 3 4 4 4 5 5 5 5 5 5 6];
L = P*diag(lambda)*inv(P);


% TUTTE 8-CAGE:
P = [
1 1 1 1 0 0 1 1 1 1 1 0 0 0 0 0 0 0 0 0 1 1 1 0 0 1 1 1 1 1;
1 -1 0 -1 0 -1 0 0 -1 -1 1 0 0 0 1 0 0 0 0 0 -1 0 -1 0 -1 0 0 -1 -1 1;
1 1 0 -1 0 1 1 -1 0 1 1 0 1 1 0 0 0 0 0 0 1 0 -1 0 1 1 -1 0 1 1;
1 -1 0 1 0 1 -1 1 0 0 1 1 0 1 0 0 0 0 0 0 -1 0 1 0 1 -1 1 0 0 1;
1 0 -1 0 0 -1 -1 -1 0 -1 0 -1 -1 0 -1 0 0 0 0 0 0 -1 0 0 -1 -1 -1 0 -1 1;
1 1 1 1 1 1 0 0 0 1 0 0 0 -1 1 0 0 0 0 0 1 1 1 1 1 0 0 0 1 1;
1 -1 -1 -1 -1 -1 -1 -1 -1 -1 0 0 1 0 0 0 0 0 0 0 -1 -1 -1 -1 -1 -1 -1 -1 -1 1;
1 -1 -1 -1 -1 -1 -1 -1 -1 0 0 1 0 0 0 0 0 0 0 0 -1 -1 -1 -1 -1 -1 -1 -1 0 1;
1 0 0 0 1 1 1 1 1 -1 -1 -1 -1 -1 -1 0 0 0 0 0 0 0 0 1 1 1 1 1 -1 1;
1 -1 0 1 -1 0 0 0 1 -1 0 0 1 0 1 0 0 0 0 0 -1 0 1 -1 0 0 0 1 -1 1;
1 1 0 -1 1 0 0 0 1 0 0 1 0 0 1 0 0 0 0 0 1 0 -1 1 0 0 0 1 0 1;
1 0 -1 0 -1 0 0 0 -1 1 -1 -1 -1 -1 0 0 0 0 0 0 0 -1 0 -1 0 0 0 -1 1 1;
1 1 0 1 1 0 1 1 0 0 0 1 1 1 0 0 0 0 0 0 1 0 1 1 0 1 1 0 0 1;
1 0 1 0 1 0 -1 1 0 1 -1 -1 0 0 -1 0 0 0 0 0 0 1 0 1 0 -1 1 0 1 1;
1 0 1 0 -1 0 1 -1 0 0 -1 0 -1 0 -1 0 0 0 0 0 0 1 0 -1 0 1 -1 0 0 1;
1 0 1 1 -1 0 1 0 1 0 0 0 0 0 0 0 -1 0 -1 0 0 -1 -1 1 0 -1 0 -1 0 -1;
1 1 1 0 1 0 0 1 1 1 0 0 0 0 0 0 1 0 0 1 -1 -1 0 -1 0 0 -1 -1 -1 -1;
1 1 0 1 0 0 1 1 0 1 0 0 0 0 0 0 0 0 1 -1 -1 0 -1 0 0 -1 -1 0 -1 -1;
1 -1 0 -1 -1 -1 0 -1 -1 -1 0 0 0 0 0 0 1 0 0 0 1 0 1 1 1 0 1 1 1 -1;
1 -1 0 -1 0 -1 -1 0 -1 0 0 0 0 0 0 -1 -1 0 0 -1 1 0 1 0 1 1 0 1 0 -1;
1 0 0 0 1 0 1 1 0 -1 0 0 0 0 0 1 0 0 0 1 0 0 0 -1 0 -1 -1 0 1 -1;
1 1 1 0 0 1 1 -1 0 1 0 0 0 0 0 0 0 0 1 0 -1 -1 0 0 -1 -1 1 0 -1 -1;
1 0 -1 -1 -1 0 0 -1 -1 1 0 0 0 0 0 1 1 1 0 1 0 1 1 1 0 0 1 1 -1 -1;
1 1 0 -1 1 1 1 0 1 0 0 0 0 0 0 -1 -1 -1 -1 -1 -1 0 1 -1 -1 -1 0 -1 0 -1;
1 0 1 1 1 1 -1 1 0 1 0 0 0 0 0 1 0 0 0 0 0 -1 -1 -1 -1 1 -1 0 -1 -1;
1 -1 -1 0 -1 0 -1 0 -1 0 0 0 0 0 0 -1 -1 -1 -1 0 1 1 0 1 0 1 0 1 0 -1;
1 -1 0 1 0 1 0 1 1 -1 0 0 0 0 0 0 1 1 1 0 1 0 -1 0 -1 0 -1 -1 1 -1;
1 1 0 1 1 0 0 0 0 0 0 0 0 0 0 -1 0 0 -1 0 -1 0 -1 -1 0 0 0 0 0 -1;
1 0 -1 -1 0 -1 -1 -1 0 -1 0 0 0 0 0 1 0 1 1 0 0 1 1 0 1 1 1 0 1 -1;
1 -1 -1 0 -1 -1 -1 -1 0 -1 0 0 0 0 0 0 0 -1 0 0 1 1 0 1 1 1 1 0 1 -1;
];
lambda = [0 1 1 1 1 1 1 1 1 1 3 3 3 3 3 3 3 3 3 3 5 5 5 5 5 5 5 5 5 6];
L = P*diag(lambda)*inv(P);
